000000000 00000 11111
000000010 00001 11111
000000100 00010 11111
000000110 00011 11111
000001000 00100 11111
000001010 00101 11111
000001100 00110 11111
000001110 00111 11111
000010000 01000 11111
000010010 01001 11111
000010100 01010 11111
000010110 01011 11111
000011000 01100 11111
000011010 01101 11111
000011100 01110 11111
000011110 01111 11111
000100000 00001 11111
000100010 00010 11111
000100100 00011 11111
000100110 00100 11111
000101000 00101 11111
000101010 00110 11111
000101100 00111 11111
000101110 01000 11111
000110000 01001 11111
000110010 01010 11111
000110100 01011 11111
000110110 01100 11111
000111000 01101 11111
000111010 01110 11111
000111100 01111 11111
000111110 10000 11111
001000000 00010 11111
001000010 00011 11111
001000100 00100 11111
001000110 00101 11111
001001000 00110 11111
001001010 00111 11111
001001100 01000 11111
001001110 01001 11111
001010000 01010 11111
001010010 01011 11111
001010100 01100 11111
001010110 01101 11111
001011000 01110 11111
001011010 01111 11111
001011100 10000 11111
001011110 10001 11111
001100000 00011 11111
001100010 00100 11111
001100100 00101 11111
001100110 00110 11111
001101000 00111 11111
001101010 01000 11111
001101100 01001 11111
001101110 01010 11111
001110000 01011 11111
001110010 01100 11111
001110100 01101 11111
001110110 01110 11111
001111000 01111 11111
001111010 10000 11111
001111100 10001 11111
001111110 10010 11111
010000000 00100 11111
010000010 00101 11111
010000100 00110 11111
010000110 00111 11111
010001000 01000 11111
010001010 01001 11111
010001100 01010 11111
010001110 01011 11111
010010000 01100 11111
010010010 01101 11111
010010100 01110 11111
010010110 01111 11111
010011000 10000 11111
010011010 10001 11111
010011100 10010 11111
010011110 10011 11111
010100000 00101 11111
010100010 00110 11111
010100100 00111 11111
010100110 01000 11111
010101000 01001 11111
010101010 01010 11111
010101100 01011 11111
010101110 01100 11111
010110000 01101 11111
010110010 01110 11111
010110100 01111 11111
010110110 10000 11111
010111000 10001 11111
010111010 10010 11111
010111100 10011 11111
010111110 10100 11111
011000000 00110 11111
011000010 00111 11111
011000100 01000 11111
011000110 01001 11111
011001000 01010 11111
011001010 01011 11111
011001100 01100 11111
011001110 01101 11111
011010000 01110 11111
011010010 01111 11111
011010100 10000 11111
011010110 10001 11111
011011000 10010 11111
011011010 10011 11111
011011100 10100 11111
011011110 10101 11111
011100000 00111 11111
011100010 01000 11111
011100100 01001 11111
011100110 01010 11111
011101000 01011 11111
011101010 01100 11111
011101100 01101 11111
011101110 01110 11111
011110000 01111 11111
011110010 10000 11111
011110100 10001 11111
011110110 10010 11111
011111000 10011 11111
011111010 10100 11111
011111100 10101 11111
011111110 10110 11111
100000000 01000 11111
100000010 01001 11111
100000100 01010 11111
100000110 01011 11111
100001000 01100 11111
100001010 01101 11111
100001100 01110 11111
100001110 01111 11111
100010000 10000 11111
100010010 10001 11111
100010100 10010 11111
100010110 10011 11111
100011000 10100 11111
100011010 10101 11111
100011100 10110 11111
100011110 10111 11111
100100000 01001 11111
100100010 01010 11111
100100100 01011 11111
100100110 01100 11111
100101000 01101 11111
100101010 01110 11111
100101100 01111 11111
100101110 10000 11111
100110000 10001 11111
100110010 10010 11111
100110100 10011 11111
100110110 10100 11111
100111000 10101 11111
100111010 10110 11111
100111100 10111 11111
100111110 11000 11111
101000000 01010 11111
101000010 01011 11111
101000100 01100 11111
101000110 01101 11111
101001000 01110 11111
101001010 01111 11111
101001100 10000 11111
101001110 10001 11111
101010000 10010 11111
101010010 10011 11111
101010100 10100 11111
101010110 10101 11111
101011000 10110 11111
101011010 10111 11111
101011100 11000 11111
101011110 11001 11111
101100000 01011 11111
101100010 01100 11111
101100100 01101 11111
101100110 01110 11111
101101000 01111 11111
101101010 10000 11111
101101100 10001 11111
101101110 10010 11111
101110000 10011 11111
101110010 10100 11111
101110100 10101 11111
101110110 10110 11111
101111000 10111 11111
101111010 11000 11111
101111100 11001 11111
101111110 11010 11111
110000000 01100 11111
110000010 01101 11111
110000100 01110 11111
110000110 01111 11111
110001000 10000 11111
110001010 10001 11111
110001100 10010 11111
110001110 10011 11111
110010000 10100 11111
110010010 10101 11111
110010100 10110 11111
110010110 10111 11111
110011000 11000 11111
110011010 11001 11111
110011100 11010 11111
110011110 11011 11111
110100000 01101 11111
110100010 01110 11111
110100100 01111 11111
110100110 10000 11111
110101000 10001 11111
110101010 10010 11111
110101100 10011 11111
110101110 10100 11111
110110000 10101 11111
110110010 10110 11111
110110100 10111 11111
110110110 11000 11111
110111000 11001 11111
110111010 11010 11111
110111100 11011 11111
110111110 11100 11111
111000000 01110 11111
111000010 01111 11111
111000100 10000 11111
111000110 10001 11111
111001000 10010 11111
111001010 10011 11111
111001100 10100 11111
111001110 10101 11111
111010000 10110 11111
111010010 10111 11111
111010100 11000 11111
111010110 11001 11111
111011000 11010 11111
111011010 11011 11111
111011100 11100 11111
111011110 11101 11111
111100000 01111 11111
111100010 10000 11111
111100100 10001 11111
111100110 10010 11111
111101000 10011 11111
111101010 10100 11111
111101100 10101 11111
111101110 10110 11111
111110000 10111 11111
111110010 11000 11111
111110100 11001 11111
111110110 11010 11111
111111000 11011 11111
111111010 11100 11111
111111100 11101 11111
111111110 11110 11111
000000001 10000 11111
000000011 01111 11111
000000101 01110 11111
000000111 01101 11111
000001001 01100 11111
000001011 01011 11111
000001101 01010 11111
000001111 01001 11111
000010001 01000 11111
000010011 00111 11111
000010101 00110 11111
000010111 00101 11111
000011001 00100 11111
000011011 00011 11111
000011101 00010 11111
000011111 00001 11111
000100001 10001 11111
000100011 10000 11111
000100101 01111 11111
000100111 01110 11111
000101001 01101 11111
000101011 01100 11111
000101101 01011 11111
000101111 01010 11111
000110001 01001 11111
000110011 01000 11111
000110101 00111 11111
000110111 00110 11111
000111001 00101 11111
000111011 00100 11111
000111101 00011 11111
000111111 00010 11111
001000001 10010 11111
001000011 10001 11111
001000101 10000 11111
001000111 01111 11111
001001001 01110 11111
001001011 01101 11111
001001101 01100 11111
001001111 01011 11111
001010001 01010 11111
001010011 01001 11111
001010101 01000 11111
001010111 00111 11111
001011001 00110 11111
001011011 00101 11111
001011101 00100 11111
001011111 00011 11111
001100001 10011 11111
001100011 10010 11111
001100101 10001 11111
001100111 10000 11111
001101001 01111 11111
001101011 01110 11111
001101101 01101 11111
001101111 01100 11111
001110001 01011 11111
001110011 01010 11111
001110101 01001 11111
001110111 01000 11111
001111001 00111 11111
001111011 00110 11111
001111101 00101 11111
001111111 00100 11111
010000001 10100 11111
010000011 10011 11111
010000101 10010 11111
010000111 10001 11111
010001001 10000 11111
010001011 01111 11111
010001101 01110 11111
010001111 01101 11111
010010001 01100 11111
010010011 01011 11111
010010101 01010 11111
010010111 01001 11111
010011001 01000 11111
010011011 00111 11111
010011101 00110 11111
010011111 00101 11111
010100001 10101 11111
010100011 10100 11111
010100101 10011 11111
010100111 10010 11111
010101001 10001 11111
010101011 10000 11111
010101101 01111 11111
010101111 01110 11111
010110001 01101 11111
010110011 01100 11111
010110101 01011 11111
010110111 01010 11111
010111001 01001 11111
010111011 01000 11111
010111101 00111 11111
010111111 00110 11111
011000001 10110 11111
011000011 10101 11111
011000101 10100 11111
011000111 10011 11111
011001001 10010 11111
011001011 10001 11111
011001101 10000 11111
011001111 01111 11111
011010001 01110 11111
011010011 01101 11111
011010101 01100 11111
011010111 01011 11111
011011001 01010 11111
011011011 01001 11111
011011101 01000 11111
011011111 00111 11111
011100001 10111 11111
011100011 10110 11111
011100101 10101 11111
011100111 10100 11111
011101001 10011 11111
011101011 10010 11111
011101101 10001 11111
011101111 10000 11111
011110001 01111 11111
011110011 01110 11111
011110101 01101 11111
011110111 01100 11111
011111001 01011 11111
011111011 01010 11111
011111101 01001 11111
011111111 01000 11111
100000001 11000 11111
100000011 10111 11111
100000101 10110 11111
100000111 10101 11111
100001001 10100 11111
100001011 10011 11111
100001101 10010 11111
100001111 10001 11111
100010001 10000 11111
100010011 01111 11111
100010101 01110 11111
100010111 01101 11111
100011001 01100 11111
100011011 01011 11111
100011101 01010 11111
100011111 01001 11111
100100001 11001 11111
100100011 11000 11111
100100101 10111 11111
100100111 10110 11111
100101001 10101 11111
100101011 10100 11111
100101101 10011 11111
100101111 10010 11111
100110001 10001 11111
100110011 10000 11111
100110101 01111 11111
100110111 01110 11111
100111001 01101 11111
100111011 01100 11111
100111101 01011 11111
100111111 01010 11111
101000001 11010 11111
101000011 11001 11111
101000101 11000 11111
101000111 10111 11111
101001001 10110 11111
101001011 10101 11111
101001101 10100 11111
101001111 10011 11111
101010001 10010 11111
101010011 10001 11111
101010101 10000 11111
101010111 01111 11111
101011001 01110 11111
101011011 01101 11111
101011101 01100 11111
101011111 01011 11111
101100001 11011 11111
101100011 11010 11111
101100101 11001 11111
101100111 11000 11111
101101001 10111 11111
101101011 10110 11111
101101101 10101 11111
101101111 10100 11111
101110001 10011 11111
101110011 10010 11111
101110101 10001 11111
101110111 10000 11111
101111001 01111 11111
101111011 01110 11111
101111101 01101 11111
101111111 01100 11111
110000001 11100 11111
110000011 11011 11111
110000101 11010 11111
110000111 11001 11111
110001001 11000 11111
110001011 10111 11111
110001101 10110 11111
110001111 10101 11111
110010001 10100 11111
110010011 10011 11111
110010101 10010 11111
110010111 10001 11111
110011001 10000 11111
110011011 01111 11111
110011101 01110 11111
110011111 01101 11111
110100001 11101 11111
110100011 11100 11111
110100101 11011 11111
110100111 11010 11111
110101001 11001 11111
110101011 11000 11111
110101101 10111 11111
110101111 10110 11111
110110001 10101 11111
110110011 10100 11111
110110101 10011 11111
110110111 10010 11111
110111001 10001 11111
110111011 10000 11111
110111101 01111 11111
110111111 01110 11111
111000001 11110 11111
111000011 11101 11111
111000101 11100 11111
111000111 11011 11111
111001001 11010 11111
111001011 11001 11111
111001101 11000 11111
111001111 10111 11111
111010001 10110 11111
111010011 10101 11111
111010101 10100 11111
111010111 10011 11111
111011001 10010 11111
111011011 10001 11111
111011101 10000 11111
111011111 01111 11111
111100001 11111 11111
111100011 11110 11111
111100101 11101 11111
111100111 11100 11111
111101001 11011 11111
111101011 11010 11111
111101101 11001 11111
111101111 11000 11111
111110001 10111 11111
111110011 10110 11111
111110101 10101 11111
111110111 10100 11111
111111001 10011 11111
111111011 10010 11111
111111101 10001 11111
111111111 10000 11111
